Transaction ID,Contact Id,Transaction amount,OLD Contact Balance,New Balance
3553,574,750.0,750.0,750.0
2915,574,183600.0,184350.0,184350.0
2920,574,54740.0,239090.0,239090.0
3552,574,32350.0,271440.0,271440.0
2999,574,-239840.0,31600.0,31600.0
3051,574,750.0,32350.0,32350.0
3086,574,-32350.0,0.0,0.0
3536,574,18000.0,18000.0,18000.0
3965,574,7920.0,25920.0,25920.0
4145,574,-10800.0,15120.0,15120.0
4408,574,-7920.0,7200.0,7200.0
4952,574,-7000.0,200.0,200.0
5587,574,450.0,650.0,650.0
6021,574,-650.0,0.0,0.0
6593,574,120.0,120.0,120.0
7303,574,-120.0,0.0,0.0
9159,574,57000.0,57000.0,57000.0
9277,574,-57000.0,0.0,0.0
10488,574,3000.0,3000.0,3000.0
11285,574,-3000.0,0.0,0.0
12261,574,12000.0,12000.0,12000.0
12539,574,6750.0,18750.0,18750.0
12495,574,-12000.0,6750.0,6750.0
12538,574,7000.0,13750.0,13750.0
12554,574,7000.0,20750.0,20750.0
14364,574,7450.0,28200.0,28200.0
12642,574,8250.0,36450.0,36450.0
12660,574,-13750.0,22700.0,22700.0
12828,574,17400.0,40100.0,40100.0
12831,574,-15700.0,24400.0,24400.0
13068,574,-24400.0,0.0,0.0
13096,574,15500.0,15500.0,15500.0
13152,574,7750.0,23250.0,23250.0
13399,574,7750.0,31000.0,31000.0
13454,574,-15500.0,15500.0,15500.0
13504,574,9300.0,24800.0,24800.0
13596,574,7750.0,32550.0,32550.0
13745,574,7750.0,40300.0,40300.0
13780,574,-24800.0,15500.0,15500.0
13886,574,9025.0,24525.0,24525.0
14013,574,7750.0,32275.0,32275.0
14236,574,7750.0,40025.0,40025.0
14363,574,-32275.0,7750.0,7750.0
14436,574,8250.0,16000.0,16000.0
14618,574,-16000.0,0.0,0.0
14624,574,9300.0,9300.0,9300.0
15126,574,8500.0,17800.0,17800.0
15179,574,4650.0,22450.0,22450.0
15220,574,6200.0,28650.0,28650.0
15246,574,8650.0,37300.0,37300.0
15412,574,-17650.0,19650.0,19650.0
15418,574,-20150.0,-500.0,-500.0
15435,574,16500.0,16000.0,16000.0
15747,574,-16500.0,-500.0,-500.0
15971,574,1200.0,700.0,700.0
16115,574,65200.0,65900.0,65900.0
16462,574,-66400.0,-500.0,-500.0
17030,574,2400.0,1900.0,1900.0
17128,574,61000.0,62900.0,62900.0
17489,574,-63400.0,-500.0,-500.0
18010,574,16000.0,15500.0,15500.0
18139,574,-16000.0,-500.0,-500.0
18389,574,16000.0,15500.0,15500.0
18687,574,-16000.0,-500.0,-500.0
18803,574,15500.0,15000.0,15000.0
19080,574,15500.0,30500.0,30500.0
19281,574,-31000.0,-500.0,-500.0
19432,574,9740.0,9240.0,9240.0
19597,574,500.0,9740.0,9740.0
19596,574,15500.0,25240.0,25240.0
19719,574,15500.0,40740.0,40740.0
19792,574,-25240.0,15500.0,15500.0
19875,574,9900.0,25400.0,25400.0
19968,574,-15500.0,9900.0,9900.0
19980,574,16500.0,26400.0,26400.0
20128,574,16500.0,42900.0,42900.0
20429,574,-42900.0,0.0,0.0
20539,574,31500.0,31500.0,31500.0
20754,574,9890.0,41390.0,41390.0
20843,574,-31500.0,9890.0,9890.0
20952,574,1475.0,11365.0,11365.0
21210,574,8400.0,19765.0,19765.0
21281,574,19500.0,39265.0,39265.0
21356,574,-17865.0,21400.0,21400.0
21444,574,8400.0,29800.0,29800.0
21448,574,-8400.0,21400.0,21400.0
21621,574,10050.0,31450.0,31450.0
21775,574,1220.0,32670.0,32670.0
21996,574,9900.0,42570.0,42570.0
22003,574,-11270.0,31300.0,31300.0
22004,574,-21400.0,9900.0,9900.0
22103,574,10200.0,20100.0,20100.0
22154,574,650.0,20750.0,20750.0
22194,574,10050.0,30800.0,30800.0
22301,574,4975.0,35775.0,35775.0
22541,574,-35125.0,650.0,650.0
22596,574,10340.0,10990.0,10990.0
22643,574,5095.0,16085.0,16085.0
22946,574,-10340.0,5745.0,5745.0
22953,574,10200.0,15945.0,15945.0
23006,574,10200.0,26145.0,26145.0
23175,574,-15295.0,10850.0,10850.0
23820,574,8400.0,19250.0,19250.0
23823,574,-10850.0,8400.0,8400.0
23870,574,10050.0,18450.0,18450.0
24443,574,-18450.0,0.0,0.0
24445,574,9950.0,9950.0,9950.0
24756,574,-9950.0,0.0,0.0
24847,574,9600.0,9600.0,9600.0
25038,574,4900.0,14500.0,14500.0
25045,574,4900.0,19400.0,19400.0
25200,574,9750.0,29150.0,29150.0
25260,574,-19400.0,9750.0,9750.0
25384,574,10550.0,20300.0,20300.0
25433,574,10550.0,30850.0,30850.0
25703,574,5650.0,36500.0,36500.0
25714,574,-30850.0,5650.0,5650.0
26248,574,3950.0,9600.0,9600.0
26254,574,-5650.0,3950.0,3950.0
26569,574,5725.0,9675.0,9675.0
27127,574,4150.0,13825.0,13825.0
27128,574,-9675.0,4150.0,4150.0
27130,574,4820.0,8970.0,8970.0
27686,574,4750.0,13720.0,13720.0
27692,574,-8970.0,4750.0,4750.0
28284,574,6300.0,11050.0,11050.0
28285,574,4750.0,15800.0,15800.0
28286,574,9700.0,25500.0,25500.0
28295,574,-11050.0,14450.0,14450.0
28296,574,-14450.0,4950.0,0.0
28301,574,9700.0,14650.0,9700.0
28288,574,11450.0,26100.0,21150.0
28297,574,-21150.0,4950.0,0.0
28289,574,525.0,5475.0,525.0
28290,574,8950.0,14425.0,9475.0
28298,574,-525.0,13900.0,8950.0
28291,574,4500.0,18400.0,13450.0
28292,574,4500.0,22900.0,17950.0
28293,574,3100.0,26000.0,21050.0
28299,574,-9000.0,17000.0,12050.0
28300,574,-8950.0,8050.0,3100.0
17152,1088,4800.0,4800.0,4800.0
17153,1088,4800.0,9600.0,9600.0
17154,1088,-10100.0,-500.0,-500.0
17155,1088,4800.0,4300.0,4300.0
17173,1088,150.0,4450.0,4450.0
17179,1088,4800.0,9250.0,9250.0
17271,1088,-9000.0,250.0,250.0
17328,1088,3350.0,3600.0,3600.0
17329,1088,-150.0,3450.0,3450.0
17349,1088,-3950.0,-500.0,-500.0
18595,1088,5020.0,4520.0,4520.0
18635,1088,-5020.0,-500.0,-500.0
